1.000000000 0.000000000 0.000000000 0.000000000 0.000000000 1.000000000 0.000000000 0.000000000 0.000000000 0.000000000 1.000000000 0.000000000
0.999943852 0.003896305 0.009852745 0.000199524 -0.003904702 0.999992013 0.000833094 0.034650471 -0.009849421 -0.000871519 0.999951124 0.013214917
0.999916077 0.005190675 0.011870394 -0.000567422 -0.005468026 0.999710083 0.023453156 0.080175750 -0.011745216 -0.023516096 0.999654472 0.026823569
0.999929786 0.000046910 0.011850352 -0.001414622 -0.000533324 0.999157071 0.041046560 0.130083323 -0.011838438 -0.041049998 0.999086976 0.041385293
0.999921679 -0.006838582 0.010476769 -0.003094528 0.006310702 0.998748481 0.049616084 0.179969043 -0.010802958 -0.049546085 0.998713493 0.054440882
0.999927700 -0.007340095 0.009523497 -0.003322413 0.006812413 0.998501301 0.054304868 0.202695772 -0.009907823 -0.054236062 0.998479009 0.060671818
0.999953330 -0.000714233 0.009634964 -0.004620452 0.000063574 0.997728646 0.067362860 0.243509874 -0.009661189 -0.067359120 0.997682035 0.069834754
0.999972463 -0.000124345 0.007413039 -0.005478608 -0.000458479 0.996908665 0.078567922 0.261491418 -0.007399892 -0.078569159 0.996881187 0.072376914
0.999972522 0.003159939 0.006708649 -0.007067534 -0.003884041 0.993832409 0.110824585 0.290461332 -0.006317073 -0.110847592 0.993817329 0.076189995
0.999981284 0.003059404 0.005294706 -0.009077363 -0.003780187 0.989862740 0.141976982 0.295471728 -0.004806667 -0.141994342 0.989855826 0.074981749
0.999985993 -0.003716353 -0.003788625 0.000482449 0.004210707 0.990119874 0.140159577 0.314954013 0.003230311 -0.140173554 0.990121603 0.043635476
0.999990284 0.003028443 0.003193307 -0.010124355 -0.003432778 0.990793169 0.135340720 0.245342255 -0.002754034 -0.135350332 0.990793943 0.059798934
0.999914646 0.009827887 0.008612010 -0.011810324 -0.010829722 0.992062211 0.125281423 0.211428687 -0.007312397 -0.125363961 0.992083967 0.053837787
0.999400258 0.022773366 0.026085494 -0.012751631 -0.025214227 0.994923532 0.097423621 0.138767645 -0.023734407 -0.098022923 0.994901121 0.039807014
0.998879611 0.030124830 0.036497060 -0.012516656 -0.033021554 0.996121526 0.081556328 0.100607343 -0.033898640 -0.082670145 0.996000290 0.032321818
0.998436689 0.037483629 0.041462947 -0.016161209 -0.039655745 0.997813761 0.052868094 0.024652561 -0.039390616 -0.054429699 0.997740388 0.015699226
0.998581409 0.034959957 0.040161286 -0.018925689 -0.036015749 0.999016225 0.025873167 -0.037734028 -0.039217252 -0.027282905 0.998858154 0.001286043
0.998793542 0.026053905 0.041623943 -0.019107675 -0.025826057 0.999648392 -0.006002407 -0.092022397 -0.041765690 0.004920182 0.999115288 -0.012036651
0.998908758 0.023174621 0.040549248 -0.017005933 -0.021597158 0.999008954 -0.038917203 -0.128213748 -0.041410957 0.037998982 0.998419344 -0.023242701
0.998534560 0.028488506 0.046015501 -0.016850429 -0.026096465 0.998317838 -0.051773127 -0.136919722 -0.047413044 0.050496418 0.997598171 -0.028782574
0.997927845 0.039545618 0.050756112 -0.012914374 -0.037699547 0.998610258 -0.036827717 -0.110838495 -0.052141942 0.034837913 0.998031855 -0.023215001
0.998123050 0.034319792 0.050720166 -0.010068746 -0.033778179 0.999363244 -0.011497539 -0.061695937 -0.051082458 0.009762723 0.998646677 -0.009424372
0.998303950 0.032297425 0.048435505 -0.005804054 -0.032634597 0.999448180 0.006186638 -0.002352152 -0.048208967 -0.007756819 0.998807132 0.007680391
0.998534620 0.028820816 0.045803510 -0.003828934 -0.029281227 0.999526799 0.009412929 0.029994844 -0.045510557 -0.010740317 0.998906016 0.017043013
0.998907745 0.027545221 0.037743133 -0.000763454 -0.028214047 0.999452055 0.017304039 0.095254995 -0.037245810 -0.018350026 0.999137580 0.031809974
0.999052405 0.020085981 0.038609445 0.000657952 -0.021661067 0.998931706 0.040819593 0.158491015 -0.037748292 -0.041617237 0.998420298 0.046527211
0.998781204 0.017133590 0.046287533 0.000730763 -0.020525310 0.997060120 0.073822804 0.214321569 -0.044886600 -0.074682899 0.996196508 0.059318356
0.998971581 0.017028376 0.042020854 -0.000745683 -0.021396676 0.994157255 0.105799623 0.250817627 -0.039973732 -0.106589936 0.993499279 0.065912902
0.999169886 0.018202808 0.036444612 -0.002375401 -0.022549830 0.992192090 0.122663736 0.265923858 -0.033927225 -0.123383738 0.991778791 0.071276590
0.999557555 0.008903059 0.028380156 0.001137226 -0.012084468 0.993409693 0.113978907 0.302401751 -0.027178362 -0.114271432 0.993077636 0.064680383
0.999800265 -0.013650942 0.014590020 0.008768858 0.012581099 0.997392535 0.071059957 0.356666297 -0.015522011 -0.070862181 0.997365355 0.058206152
0.999598563 0.006520526 0.027572755 -0.005535886 -0.008263601 0.997942269 0.063583516 0.214230999 -0.027101418 -0.063785844 0.997595489 0.046652839
0.999479413 0.007493625 0.031379540 -0.006845294 -0.009139744 0.998571217 0.052647751 0.183579877 -0.030940179 -0.052907147 0.998120010 0.041665725
0.999016643 0.012200500 0.042626273 -0.006126597 -0.013977154 0.999035239 0.041633330 0.119303316 -0.042077195 -0.042188190 0.998223245 0.024119012
0.998395503 0.016597994 0.054140773 -0.016238822 -0.018884694 0.998939037 0.042001557 0.016683962 -0.053386196 -0.042956591 0.997649550 0.003506731
0.997593641 0.007439558 0.068931900 -0.012147936 -0.008825505 0.999764740 0.019823402 -0.047706462 -0.068768181 -0.020384056 0.997424483 -0.011576894
0.996856332 0.003205374 0.079168946 -0.008919514 -0.002150645 0.999907911 -0.013404123 -0.102974847 -0.079204619 0.013191685 0.996771157 -0.025855834
0.996516943 0.008017197 0.083004430 -0.005999870 -0.004629000 0.999151111 -0.040931836 -0.137172282 -0.083262146 0.040405039 0.995708108 -0.034649104
0.995968819 0.014448039 0.088528752 -0.003519214 -0.010369498 0.998871028 -0.046358198 -0.138479084 -0.089098595 0.045253318 0.994994283 -0.034210000
0.995899439 0.020409923 0.088134795 -0.003401967 -0.016923003 0.999050915 -0.040131137 -0.112427510 -0.088870250 0.038475078 0.995299757 -0.028999450
0.996172905 0.020428335 0.084984146 -0.001854745 -0.017843405 0.999357939 -0.031065958 -0.063730448 -0.085564218 0.029430652 0.995897889 -0.015022261
0.996635616 0.018455204 0.079856612 0.002041222 -0.016359806 0.999506414 -0.026814621 -0.033008572 -0.080312073 0.025417970 0.996445656 -0.002340444
0.997120738 0.022903569 0.072290145 0.005228882 -0.021941429 0.999660075 -0.014075815 0.031549633 -0.072587967 0.012449135 0.997284353 0.014819613
0.996637702 0.028869605 0.076679401 0.009153932 -0.029411219 0.999549687 0.005943227 0.098736405 -0.076473288 -0.008178483 0.997038066 0.035406981
0.997533858 0.017445656 0.067984439 0.009489238 -0.020450354 0.998832822 0.043754499 0.165235817 -0.067141764 -0.045036893 0.996726453 0.052008800
0.997986674 0.007105656 0.063024811 0.009568197 -0.011316305 0.997708499 0.066706158 0.196382239 -0.062406402 -0.067285061 0.995780170 0.058633912
0.998045623 0.000403888 0.062488824 0.009985084 -0.006810673 0.994725287 0.102347970 0.247546732 -0.062117875 -0.102573529 0.992783964 0.070117891
0.998103976 0.011382809 0.060488824 0.010783871 -0.018494928 0.992799342 0.118352719 0.286491334 -0.058706079 -0.119247057 0.991127491 0.077862114
0.998733759 0.016635517 0.047477324 0.008109272 -0.022285989 0.992392004 0.121085577 0.302861333 -0.045101788 -0.121990353 0.991506040 0.077595107
0.999244392 0.014020370 0.036249407 0.003578979 -0.018080931 0.993289351 0.114236042 0.318350106 -0.034404505 -0.114805192 0.992792010 0.087108940
0.999237597 0.014797814 0.036126636 -0.001173779 -0.018853243 0.993229151 0.114631571 0.293130368 -0.034185726 -0.115225285 0.992750943 0.095106512
0.999411166 -0.005480751 0.033875875 -0.024941858 0.002523511 0.996228695 0.086730056 0.318164349 -0.034223471 -0.086593501 0.995655715 0.138313428
0.998465538 0.029771505 0.046694998 0.001736130 -0.034617569 0.993692160 0.106665231 0.162894160 -0.043224875 -0.108118013 0.993197918 0.047155537
0.997638464 0.037688605 0.057418708 0.002042883 -0.042767733 0.995026350 0.089963526 0.091820605 -0.053742524 -0.092206746 0.994288504 0.034601275
0.997464001 0.036721405 0.060966823 0.001037667 -0.041333266 0.996235907 0.076193348 0.055870309 -0.057939418 -0.078520082 0.995227456 0.028791571
0.996796250 0.033552807 0.072604932 0.001539187 -0.036409881 0.998599231 0.038391694 -0.018555194 -0.071215063 -0.040912241 0.996621609 0.014119353
0.995675504 0.033997368 0.086454377 -0.000477495 -0.033825368 0.999421895 -0.003453983 -0.083436824 -0.086521812 0.000514676 0.996249735 -0.001778245
0.995428026 0.029048700 0.090992041 -0.001838059 -0.026048666 0.999082923 -0.033986315 -0.130820945 -0.091895834 0.031460676 0.995271623 -0.019908966
0.995506108 0.021392008 0.092249639 -0.003720983 -0.017110806 0.998750448 -0.046952773 -0.164263442 -0.093138777 0.045163304 0.994628310 -0.028080370
0.994917035 0.016510053 0.099335536 -0.004244027 -0.012212506 0.998969316 -0.043716472 -0.162656143 -0.099954918 0.042281110 0.994093239 -0.026098462
0.994453073 0.013778485 0.104274586 -0.001461902 -0.010356667 0.999392211 -0.033286043 -0.137701124 -0.104669839 0.032021463 0.993991375 -0.014447981
0.993088245 0.020529002 0.115560398 0.004020182 -0.018233223 0.999615550 -0.020888718 -0.094735660 -0.115944795 0.018637309 0.993080854 0.002908224
0.991694748 0.034734100 0.123834647 0.005518057 -0.033836327 0.999383569 -0.009346233 -0.044208415 -0.124082953 0.005078516 0.992258847 0.014823320
0.992059231 0.041674986 0.118666589 0.010718605 -0.042797577 0.999059737 0.006926401 0.007949399 -0.118266359 -0.011950031 0.992909968 0.030975126
0.993849277 0.044226561 0.101525761 0.013866047 -0.047447119 0.998437226 0.029527966 0.059515063 -0.100061178 -0.034163460 0.994394541 0.039904442
0.996346056 0.039395463 0.075779967 0.015706442 -0.043671899 0.997495949 0.055628248 0.101091936 -0.073398717 -0.058734450 0.995571673 0.040007092
0.998139322 0.026542895 0.054893836 0.014784207 -0.031245200 0.995747864 0.086658910 0.126090333 -0.052360248 -0.088212833 0.994724572 0.032603979
0.999182045 0.010949040 0.038925033 0.012588241 -0.015601696 0.992491663 0.121312954 0.138048768 -0.037304509 -0.121821031 0.991850793 0.025311211
0.999450803 -0.002013388 0.033074617 0.012383003 -0.003333571 0.986978948 0.160815731 0.141445979 -0.032967731 -0.160837695 0.986430109 0.014523408
0.999217629 -0.008600516 0.038602617 0.012464801 0.001350179 0.982917726 0.184041291 0.141995370 -0.039526038 -0.183845207 0.982160211 0.010834175
0.997744322 -0.017510585 0.064804964 0.010973093 0.002174668 0.973303974 0.229509667 0.140881896 -0.067093775 -0.228851050 0.971146584 0.005323438
0.996428132 -0.029667277 0.079063661 0.006133170 0.007667626 0.964174986 0.265156060 0.138104185 -0.084097676 -0.263602704 0.960958540 -0.001568437
0.995998263 -0.040141866 0.079850271 0.002478472 0.014118583 0.952906966 0.302934200 0.136341572 -0.088250212 -0.300594598 0.949660361 -0.011120334
0.995788753 -0.044676960 0.080054626 0.001854492 0.016376946 0.945861697 0.324156523 0.135978356 -0.090202935 -0.321480364 0.942610085 -0.016081372
0.995511889 -0.053491823 0.078069754 0.002082319 0.021950154 0.932949007 0.359338880 0.138835758 -0.092056789 -0.356012434 0.929935813 -0.028185220
0.995815098 -0.051330511 0.075613938 0.004998160 0.017925801 0.921002448 0.389144301 0.138581783 -0.089615598 -0.386160314 0.918068171 -0.038509142
0.996121943 -0.049875069 0.072481610 0.007839588 0.016966479 0.917235553 0.397983760 0.136261255 -0.086332180 -0.395210564 0.914524674 -0.042199966
0.996280313 -0.051547650 0.069053710 0.017663674 0.020380827 0.919569254 0.392398983 0.132975876 -0.083726920 -0.389532000 0.917199373 -0.045450319
0.996730804 -0.051482096 0.062268868 0.025810309 0.024114050 0.925131321 0.378880739 0.128487781 -0.077112466 -0.376140505 0.923348188 -0.043789770
0.997308373 -0.043642897 0.058918715 0.030946234 0.019023897 0.930061698 0.366910458 0.127440676 -0.070811078 -0.364802003 0.928388536 -0.040057398
0.997663975 -0.040278338 0.055174228 0.032131813 0.017595012 0.931941211 0.362182230 0.127197728 -0.066007249 -0.360365391 0.930472910 -0.037914958
0.998303413 -0.031070737 0.049243882 0.033934146 0.011159623 0.932146728 0.361908734 0.125122905 -0.057147302 -0.360745162 0.930912018 -0.032869566
0.998627126 -0.023802903 0.046663500 0.038343437 0.004845944 0.928958356 0.370152473 0.124048971 -0.052159172 -0.369418085 0.927798331 -0.028263928
0.998639882 -0.024361601 0.046096426 0.047851384 0.005352649 0.927356660 0.374140143 0.123017386 -0.051862501 -0.373384506 0.926225901 -0.022572495
0.998380125 -0.028936362 0.048986785 0.065057807 0.008299582 0.925867558 0.377756953 0.120532453 -0.056286193 -0.376738459 0.924608052 -0.015720258
0.998208761 -0.031482689 0.050873809 0.076053612 0.009904068 0.925569594 0.378447890 0.120029859 -0.059001811 -0.377266139 0.924223542 -0.012795134
0.997832298 -0.040621672 0.051775940 0.103458226 0.017779931 0.923905194 0.382208049 0.118461080 -0.063362002 -0.380458891 0.922624648 -0.007165937
0.997286916 -0.048975363 0.054956529 0.137260526 0.024257563 0.923511326 0.382803440 0.115110479 -0.069500923 -0.380431712 0.922193825 -0.003559873
0.996795833 -0.053258251 0.059680905 0.154780954 0.026705740 0.924884260 0.379309714 0.112826541 -0.075399317 -0.376500487 0.923343003 -0.001424026
0.995433927 -0.064461827 0.070399150 0.192374974 0.034310050 0.929863513 0.366301328 0.108349629 -0.089074068 -0.362213343 0.927829385 0.004351120
0.993788600 -0.075047828 0.082171127 0.230396256 0.040681303 0.932275951 0.359453052 0.105754234 -0.103582352 -0.353877544 0.929538310 0.008357842
0.993003964 -0.079647310 0.087174885 0.249780208 0.042908985 0.931187749 0.362005681 0.105241910 -0.110008970 -0.355732471 0.928090751 0.008492555
0.990754068 -0.086434610 0.104573064 0.283746660 0.040532589 0.924161315 0.379846185 0.107927755 -0.129474238 -0.372095585 0.919119835 0.011464699
0.989140689 -0.094946504 0.112187281 0.310849071 0.043217335 0.917475581 0.395437568 0.111963481 -0.140474513 -0.386294931 0.911615670 0.013882116
0.989097416 -0.094439246 0.112993680 0.330919296 0.041836128 0.915878773 0.399269104 0.116032563 -0.141195193 -0.390188843 0.909844279 0.015849551
0.989461362 -0.096120462 0.108291782 0.342831701 0.046048969 0.917945445 0.394024938 0.118701003 -0.137279809 -0.384885758 0.912697852 0.017854977
0.989752889 -0.098025419 0.103828192 0.345588535 0.050458577 0.920324564 0.387887567 0.120338224 -0.133578479 -0.378673851 0.915840030 0.017594054
0.989767969 -0.098762453 0.102982737 0.344127327 0.051558014 0.920522034 0.387273937 0.120710872 -0.133045986 -0.378001720 0.916195154 0.016873147
0.989342451 -0.096848801 0.108727999 0.335394651 0.047407739 0.920285761 0.388364285 0.119967796 -0.137673423 -0.379070729 0.915069103 0.014911727
0.989603698 -0.095861644 0.107214898 0.317371786 0.047318067 0.920986414 0.386710584 0.117189139 -0.135814175 -0.377616972 0.915947616 0.010579593
0.990049303 -0.096170016 0.102730714 0.305606157 0.049363371 0.920991361 0.386443019 0.117704414 -0.131778330 -0.377526551 0.916574180 0.007720195
0.991284490 -0.091091514 0.095170774 0.276888192 0.046740212 0.918608308 0.392395467 0.118519932 -0.123168558 -0.384527206 0.914859712 0.002556651
0.992420971 -0.088691317 0.085056156 0.242257118 0.048331987 0.918094754 0.393403143 0.119790226 -0.112981044 -0.386310577 0.915423095 -0.001129424
0.993795872 -0.081540018 0.075636551 0.201893970 0.046049964 0.920711219 0.387518257 0.119897984 -0.101237655 -0.381630987 0.918753922 -0.006870258
0.995256603 -0.071710967 0.065740675 0.158387795 0.041741632 0.925167978 0.377255768 0.118199125 -0.087874539 -0.372722179 0.923772871 -0.012864009
0.995761275 -0.069178842 0.060611952 0.136498883 0.041725099 0.927052438 0.372602791 0.116046190 -0.081966683 -0.368494421 0.926009417 -0.016513780
0.996466041 -0.064309739 0.054033916 0.088779509 0.039811101 0.928038478 0.370350808 0.113554835 -0.073962718 -0.366890877 0.927319050 -0.022372134
0.997444212 -0.055820007 0.044598270 0.040099688 0.034958962 0.925666928 0.376721025 0.113932177 -0.062311701 -0.374199182 0.925252497 -0.026889592
0.997863233 -0.050072026 0.041974127 0.015238891 0.030369285 0.924248517 0.380581915 0.114909410 -0.057851035 -0.378493935 0.923794091 -0.028467488
0.998333514 -0.042712495 0.038805328 -0.032779153 0.024821911 0.924888909 0.379426301 0.117438257 -0.052096859 -0.377830774 0.924407840 -0.031068476
0.998672843 -0.038956188 0.033691753 -0.080578700 0.023554618 0.927183747 0.373865634 0.121511266 -0.045802843 -0.372575760 0.926870704 -0.033683311
0.999039233 -0.033885643 0.027789598 -0.126858205 0.021214696 0.928826511 0.369907051 0.124630488 -0.038346250 -0.368962139 0.928653061 -0.038103983
0.999486268 -0.029026318 0.013585029 -0.170765936 0.021833830 0.927028596 0.374354362 0.129671544 -0.023459835 -0.373865426 0.927186251 -0.041055180
0.999651968 -0.025195697 0.007814707 -0.191676930 0.020345805 0.924949825 0.379544288 0.133293480 -0.016791094 -0.379253209 0.925140560 -0.043103252
0.999751925 -0.019986929 -0.009824365 -0.226008043 0.022234933 0.920848846 0.389285386 0.139581054 0.001266136 -0.389407307 0.921064734 -0.044179596
0.999492884 -0.018002629 -0.026265442 -0.252333045 0.026683452 0.923642874 0.382324487 0.143347457 0.017377043 -0.382831454 0.923654735 -0.046143312
0.999217033 -0.015068840 -0.036583539 -0.270248026 0.027554348 0.928576231 0.370117366 0.143010885 0.028393365 -0.370835572 0.928264320 -0.048522118
0.999172330 -0.012175976 -0.038812477 -0.274320215 0.025515676 0.930699944 0.364892304 0.141558245 0.031679854 -0.365580648 0.930240393 -0.051278502
0.999409258 -0.010288987 -0.032788742 -0.265611440 0.021661397 0.929325342 0.368626118 0.140494168 0.026678618 -0.369118690 0.928999245 -0.053841893
0.999772251 -0.009655698 -0.019031625 -0.245585069 0.016002936 0.929195821 0.369240999 0.139379501 0.014118828 -0.369461447 0.929138720 -0.055752244
0.999935150 -0.010309182 -0.004842440 -0.215273872 0.011365499 0.930908501 0.365075529 0.135102719 0.000744237 -0.365106881 0.930965304 -0.059579503
0.999902666 -0.011436095 0.007997633 -0.178113118 0.007797379 0.933131337 0.359451205 0.132619247 -0.011573561 -0.359353870 0.933129549 -0.061234444
0.999816477 -0.013146299 0.013932097 -0.157662362 0.007248271 0.932883501 0.360105425 0.131292418 -0.017731074 -0.359938413 0.932807565 -0.061704200
0.999566495 -0.022714965 0.018731149 -0.113780819 0.014221931 0.929579020 0.368348479 0.129685730 -0.025779104 -0.367922425 0.929499149 -0.061248429
0.999291182 -0.030233575 0.022431109 -0.066934519 0.019481746 0.925161898 0.379072398 0.129633874 -0.032213122 -0.378366739 0.925095141 -0.058807261
0.999176204 -0.031387966 0.025724825 -0.042935409 0.019197630 0.924041629 0.381809384 0.129776493 -0.035755035 -0.381000966 0.923883021 -0.056727611
0.999137282 -0.033488616 0.024562562 0.003675957 0.021614820 0.924324870 0.380994022 0.129012004 -0.035462745 -0.380134404 0.924251199 -0.052609004
0.999044240 -0.037857503 0.021851582 0.048501167 0.026734900 0.924708724 0.379735321 0.127590403 -0.034582183 -0.378788173 0.924837053 -0.048452720
0.998802662 -0.043247003 0.022868536 0.090148367 0.031219631 0.923366725 0.382647663 0.128243387 -0.037664410 -0.381475568 0.923611283 -0.042480413
0.998381853 -0.047894903 0.030652681 0.123846792 0.032297533 0.921282530 0.387550473 0.131099880 -0.046801466 -0.385933340 0.921338737 -0.037062395
0.998118281 -0.051089793 0.033904858 0.137325048 0.033927947 0.920758784 0.388654232 0.133429825 -0.051074460 -0.386772573 0.920759737 -0.034106825
0.997595310 -0.055418316 0.041622646 0.158250749 0.034997817 0.921145439 0.387641817 0.138510123 -0.059822969 -0.385252953 0.920869887 -0.026294414
0.995601535 -0.062610254 0.069694668 0.175481483 0.032504685 0.928536415 0.369815707 0.143544480 -0.087868296 -0.365923733 0.926487386 -0.015382571
0.993354380 -0.063760489 0.095821537 0.186512008 0.028377531 0.942509472 0.332972318 0.146582708 -0.111543179 -0.328040332 0.938055217 -0.004067252
0.990705609 -0.061318956 0.121418186 0.193586946 0.023264699 0.955858946 0.292903483 0.145177424 -0.134019181 -0.287356406 0.948401332 0.004320231
0.987798691 -0.065688662 0.141204730 0.199653313 0.026102904 0.963699222 0.265711337 0.142129317 -0.153533101 -0.258783460 0.953655481 0.012199967
0.986261606 -0.072885104 0.148242280 0.203070402 0.031305216 0.963604391 0.265492916 0.140478194 -0.162197411 -0.257204682 0.952647746 0.016452495
0.982199252 -0.092467934 0.163506046 0.214113653 0.043510616 0.958767533 0.280840784 0.136309490 -0.182733044 -0.268727362 0.945724189 0.028337995
0.977452397 -0.111806519 0.179126084 0.228734434 0.054518513 0.953177512 0.297456443 0.131309599 -0.203996509 -0.280983865 0.937781155 0.046064239
0.975635290 -0.118442506 0.184681028 0.235762671 0.057113882 0.949848711 0.307449788 0.128809929 -0.211834162 -0.289411008 0.933470726 0.056292873
0.974611044 -0.124857686 0.185860246 0.247460186 0.059163421 0.944188416 0.324049175 0.122890361 -0.215947151 -0.304825753 0.927603364 0.079290129
0.976334691 -0.130670026 0.172325477 0.251505733 0.066294566 0.939295828 0.336642802 0.113844402 -0.205853730 -0.317251742 0.925729752 0.106429547
0.981321812 -0.120940313 0.149602070 0.245925412 0.065600060 0.941432238 0.330759734 0.103135288 -0.180842385 -0.314767867 0.931781769 0.135922730
0.987667799 -0.099756666 0.120668776 0.232419297 0.057996783 0.949015439 0.309848607 0.095460743 -0.145426005 -0.299029112 0.943097472 0.166199490
0.993182659 -0.070790902 0.092610478 0.205720857 0.040134426 0.953568876 0.298488766 0.078003623 -0.109440774 -0.292737037 0.949909329 0.192834377
0.995777369 -0.061176613 0.068445861 0.192086220 0.038346071 0.954616547 0.295358509 0.079877369 -0.083408587 -0.291486681 0.952931523 0.206789434
0.999664247 -0.024659930 0.007957372 0.197321281 0.021243514 0.955798209 0.293254822 0.083504178 -0.014837285 -0.292987287 0.956001163 0.231502250
0.998765588 -0.004471601 -0.049471136 0.145298511 0.019329524 0.952427030 0.304152846 0.086082757 0.045757592 -0.304733634 0.951337814 0.237784266
0.994587004 0.019042132 -0.102147423 0.084028959 0.014221521 0.948866248 0.315357715 0.091085024 0.102929331 -0.315103382 0.943459272 0.227249756
0.993007600 0.023908837 -0.115603700 0.005309313 0.014699797 0.946610868 0.322043121 0.086612336 0.117131412 -0.321490586 0.939640403 0.211460128
0.986067474 0.041992769 -0.160958290 -0.057805110 0.013012895 0.945173621 0.326308519 0.096029527 0.165836155 -0.323856711 0.931458592 0.182626203
0.978599668 0.040542163 -0.201739937 -0.109371208 0.028546251 0.944171488 0.328215092 0.107461520 0.203783661 -0.326950163 0.922808647 0.143707633
0.976565480 0.043670099 -0.210743368 -0.130316809 0.029734362 0.942430973 0.333076149 0.113345087 0.213156566 -0.331537038 0.919046998 0.121882029
0.975733578 0.048502967 -0.213521808 -0.158661827 0.027765596 0.939877629 0.340380549 0.129306868 0.217193872 -0.338049293 0.915723503 0.076081537
0.979374230 0.037866097 -0.198474526 -0.177188799 0.034327224 0.936821222 0.348120153 0.145930737 0.199117079 -0.347752959 0.916198730 0.025783347
0.984518588 0.016210590 -0.174528867 -0.178329661 0.048630044 0.931363285 0.360829264 0.166106939 0.168399006 -0.363730520 0.916156054 -0.002286101
0.987399638 0.007181267 -0.158083394 -0.162780941 0.052247152 0.928157330 0.368502676 0.180532292 0.149372593 -0.372118890 0.916086972 -0.014153671
0.993821740 -0.031056501 -0.106554672 -0.131730035 0.069219701 0.923899174 0.376322865 0.197266206 0.086758502 -0.381373584 0.920340776 -0.047718212
0.996269345 -0.085473187 -0.011907015 -0.110098347 0.084269546 0.933797479 0.347736597 0.220889077 -0.018603424 -0.347442746 0.937516630 -0.084824070
0.992522299 -0.115221225 0.040296402 -0.035741378 0.094023898 0.932181478 0.349567056 0.210801676 -0.077841088 -0.343164146 0.936044395 -0.109156296
0.987861633 -0.132393882 0.081247859 -0.009387990 0.097082369 0.934518933 0.342417091 0.211799920 -0.121261574 -0.330372959 0.936028481 -0.115731232
0.975608766 -0.168592736 0.140584499 0.051440757 0.111554101 0.932341218 0.343941182 0.209545940 -0.189058706 -0.319869220 0.928407490 -0.118477695
0.963379443 -0.189497486 0.189712331 0.109878048 0.113831781 0.929614782 0.350512028 0.206331179 -0.242780551 -0.316080809 0.917142570 -0.104898840
0.955351532 -0.193768486 0.223062888 0.170434609 0.106589109 0.930116177 0.351457655 0.200070232 -0.275575846 -0.311989576 0.909241676 -0.075385459
0.951538503 -0.184097439 0.246338487 0.224372104 0.092915803 0.935690880 0.340366304 0.187683299 -0.293157250 -0.300982922 0.907451451 -0.036774173
0.951292872 -0.176258311 0.252932578 0.268472522 0.089997508 0.943477094 0.318985045 0.171580493 -0.294859856 -0.280684859 0.913385808 0.008363817
0.952289462 -0.174235880 0.250572294 0.290811360 0.094243377 0.948776364 0.301565319 0.157764718 -0.290280581 -0.263562709 0.919930398 0.055662379
0.955554664 -0.170225725 0.240704209 0.309007734 0.094549261 0.950280786 0.296693027 0.146398693 -0.279241383 -0.260747969 0.924139977 0.083780177
0.964142442 -0.152989432 0.216849282 0.275235236 0.087325029 0.954497039 0.285148352 0.141145959 -0.250606716 -0.255987227 0.933631003 0.109774731
0.977257371 -0.124220490 0.171864018 0.233227149 0.073741987 0.958954573 0.273803234 0.134295210 -0.198821798 -0.254902631 0.946305752 0.150834784
0.991326034 -0.085442401 0.099861234 0.188161790 0.056491517 0.963078320 0.263227493 0.134831607 -0.118665025 -0.255302966 0.959551454 0.186874598
0.995507598 -0.065069832 0.068779469 0.125081748 0.044746835 0.963515341 0.263886333 0.130685806 -0.083441108 -0.259623170 0.962098539 0.171198294
0.999530435 -0.030078197 -0.005838980 0.046883557 0.030530656 0.961658299 0.272546053 0.132264823 -0.002582577 -0.272596389 0.962125063 0.165610850
0.997148931 -0.002395041 -0.075420648 -0.022201493 0.023604881 0.959234774 0.281622738 0.144111410 0.071671620 -0.282600105 0.956556439 0.168311909
0.992133021 0.019150948 -0.123714611 -0.085393965 0.017678246 0.956894398 0.289897859 0.157288551 0.123933636 -0.289804369 0.949027836 0.157033443
0.988368332 0.028988471 -0.149290666 -0.114649013 0.016551137 0.955330253 0.295076638 0.169037506 0.151175708 -0.294115275 0.943738341 0.130721942
0.988448799 0.019977175 -0.150232956 -0.146700889 0.025333079 0.955549181 0.293741345 0.189167276 0.149423093 -0.294154137 0.944005370 0.121452436
0.990126848 0.022746135 -0.138315812 -0.182890117 0.019844634 0.954061449 0.298952967 0.215100363 0.138761789 -0.298746169 0.944190562 0.109647401
0.987973750 0.028145628 -0.152038217 -0.016931646 0.019778991 0.952210069 0.304802805 0.234586984 0.153351173 -0.304144353 0.940201879 0.067175515
0.989518940 0.035773437 -0.139901951 0.143594474 0.008096942 0.953558922 0.301097721 0.261889100 0.144176051 -0.299074650 0.943274915 0.025808783
0.995299995 0.023013324 -0.094065227 0.258921623 0.006753716 0.952491343 0.304490566 0.272217333 0.096603647 -0.303694725 0.947859287 -0.047036827
0.996095538 0.021480260 -0.085628748 0.391511083 0.006411824 0.949783087 0.312843353 0.266240537 0.088048697 -0.312170863 0.945936978 -0.136429340
0.999558926 -0.004254466 -0.029395057 0.439436227 0.013509385 0.946512222 0.322384834 0.279038608 0.026451204 -0.322639644 0.946152151 -0.159202263
0.999651372 -0.021628207 0.015146593 0.487888306 0.015380207 0.943227947 0.331789792 0.289185941 -0.021462711 -0.331441164 0.943231702 -0.192761824
0.999651372 -0.021628207 0.015146593 0.487888306 0.015380207 0.943227947 0.331789792 0.289185941 -0.021462711 -0.331441164 0.943231702 -0.192761824
0.989389062 -0.087835878 0.115732811 0.120084278 0.044673506 0.941888809 0.332940936 0.257908136 -0.138251603 -0.324237913 0.935818493 -0.128722697
0.988874078 -0.086859331 0.120761737 0.084893309 0.043441992 0.945055127 0.324011713 0.260427833 -0.142269924 -0.315160632 0.938313842 -0.163338974
0.990790546 -0.067692831 0.117268831 0.027745070 0.028625054 0.951205194 0.307228535 0.263654500 -0.132343873 -0.301042318 0.944382668 -0.217019573
0.991184056 -0.063147306 0.116475150 -0.005248271 0.024097528 0.950371981 0.310180902 0.264374882 -0.130281821 -0.304639518 0.943515420 -0.246465564
0.991962433 -0.056299452 0.113317907 -0.024542505 0.018236034 0.949820817 0.312262535 0.265664071 -0.125211909 -0.307686269 0.943213224 -0.256388307
0.992196679 -0.051863197 0.113383979 -0.027765643 0.014592235 0.951434672 0.307504475 0.265133202 -0.123825639 -0.303450465 0.944767177 -0.253874093
0.992368817 -0.040291566 0.116536349 -0.023152608 0.004112673 0.955395818 0.295299530 0.261485904 -0.123236425 -0.292566776 0.948270798 -0.228136793
0.992016792 -0.034510948 0.121291593 -0.010037725 -0.003423032 0.954100966 0.299465448 0.251296967 -0.126059264 -0.297490001 0.946366072 -0.185474396
0.992618918 -0.034087528 0.116385818 0.006883213 -0.005113724 0.947067320 0.320994169 0.237838343 -0.121167101 -0.319220096 0.939902723 -0.135480255
0.995116532 -0.024111850 0.095716156 0.025563953 -0.009476291 0.941888630 0.335791647 0.219600379 -0.098250501 -0.335058898 0.937060475 -0.073481537
0.997637928 -0.006249598 0.068407506 0.043590244 -0.017119877 0.941808462 0.335714042 0.193272591 -0.066524841 -0.336092204 0.939476669 -0.012875263
0.999042451 0.015303296 0.040987737 0.054108538 -0.027877839 0.944686115 0.326788753 0.168608308 -0.033719603 -0.327618510 0.944208205 0.049624905
0.999288082 0.027436510 0.025893861 0.056517538 -0.034363311 0.945227563 0.324598402 0.155724585 -0.015569742 -0.325257123 0.945497394 0.078683816
0.998700678 0.049203414 -0.013266562 0.053774469 -0.042591147 0.948844075 0.312859118 0.142424822 0.027981644 -0.311887562 0.949706852 0.127829373
0.996213675 0.061378036 -0.061570924 0.039753240 -0.040218305 0.953240514 0.299524635 0.132425770 0.077076130 -0.295914233 0.952099800 0.152555436
0.992246449 0.071516074 -0.101648375 0.016926281 -0.039936882 0.957952440 0.284134001 0.130941510 0.117694460 -0.277871460 0.953381002 0.155859068
0.988473117 0.083948486 -0.125990227 -0.006099630 -0.047218125 0.961622536 0.270282149 0.141169339 0.143844828 -0.261217624 0.954501927 0.141245589
0.985157609 0.102663063 -0.137567341 -0.024203585 -0.062684290 0.961249948 0.268457264 0.154592648 0.159797251 -0.255849421 0.953418016 0.109675646
0.983642817 0.111008033 -0.141859367 -0.034337107 -0.067620546 0.957501471 0.280389667 0.171864256 0.166956067 -0.266210645 0.949345827 0.070427902
0.983944774 0.112116940 -0.138861373 -0.038432389 -0.064783618 0.949351788 0.307464302 0.191103280 0.166300237 -0.293531924 0.941373110 0.028466260
0.985092759 0.118987031 -0.124234989 -0.035599388 -0.069869533 0.936692774 0.343110561 0.215419903 0.157195732 -0.329315484 0.931042850 -0.001769938
0.986516297 0.124445923 -0.106295548 -0.026632255 -0.077599145 0.927498460 0.365684092 0.235129640 0.144096866 -0.352504879 0.924649298 -0.019480394
0.987751842 0.126784861 -0.090949729 -0.015197936 -0.084780499 0.925431192 0.369309217 0.250188321 0.130990550 -0.357075125 0.924845338 -0.017446466
0.987809539 0.126608953 -0.090567008 -0.009123234 -0.085778654 0.928214431 0.362022221 0.256166488 0.129900858 -0.349840313 0.927759409 -0.008355342
0.985125959 0.128196999 -0.114422023 0.007861222 -0.084838949 0.941934288 0.324903369 0.260339588 0.149429664 -0.310363293 0.938799977 0.037130643
0.981583595 0.126462996 -0.143181011 0.016921993 -0.081567943 0.955205142 0.284481615 0.264964104 0.172743648 -0.267563492 0.947929025 0.074898779
0.978975773 0.118042946 -0.166349426 0.025333535 -0.075780489 0.967642844 0.240675002 0.273066580 0.189376846 -0.223009020 0.956244409 0.112642080
0.978687465 0.112344719 -0.171899483 0.029484661 -0.072993346 0.972731352 0.220149294 0.278803527 0.191944629 -0.202909902 0.960200429 0.130489960
0.978361487 0.110460162 -0.174949214 0.036274862 -0.077152401 0.979346931 0.186887860 0.293387949 0.191979617 -0.169346139 0.966677666 0.162565917
0.976946115 0.099369138 -0.188949957 0.039970249 -0.071139708 0.986012578 0.150725514 0.304135144 0.201284513 -0.133808821 0.970350325 0.186373577
0.975467563 0.086426154 -0.202468663 0.042469963 -0.068462744 0.993204355 0.094116516 0.309610575 0.209226891 -0.077946045 0.974755645 0.204458416
0.975744367 0.076120801 -0.205252424 0.043149509 -0.064674228 0.995983422 0.061921462 0.311049372 0.209141508 -0.047144964 0.976748228 0.213068172
0.976852596 0.063653789 -0.204223156 0.044126596 -0.061568700 0.997965515 0.016554179 0.314715326 0.204861403 -0.003597235 0.978784382 0.227850243
0.979123652 0.066705972 -0.192008778 0.045705467 -0.067888342 0.997692883 0.000421789 0.321138293 0.191593915 0.012622179 0.981393099 0.241429389
0.982644141 0.063090794 -0.174442008 0.046360247 -0.062737577 0.998001516 0.007544055 0.327473521 0.174569339 0.003530952 0.984638512 0.251270145
0.983596802 0.061019383 -0.169746339 0.046982981 -0.059367388 0.998126566 0.014795491 0.331020415 0.170331135 -0.004475406 0.985376716 0.254940867
0.984099567 0.059006989 -0.167529747 0.049933877 -0.060154852 0.998187482 -0.001780691 0.337735683 0.167121038 0.011830112 0.985865414 0.259362429
0.984155536 0.053437050 -0.169062808 0.055005342 -0.059647180 0.997710764 -0.031866189 0.342436850 0.166972935 0.041445408 0.985090017 0.265114605
0.984586596 0.046182770 -0.168690234 0.056231793 -0.052781053 0.997998178 -0.034840174 0.343052089 0.166743532 0.043206822 0.985053241 0.264363229
0.984848201 0.044422597 -0.167632356 0.056741215 -0.050711814 0.998153985 -0.033423461 0.343145341 0.165838122 0.041417979 0.985282838 0.264887899
0.984672964 0.033202581 -0.171221495 0.058578338 -0.040742896 0.998339891 -0.040713150 0.343471736 0.169585466 0.047065198 0.984390974 0.265004992
0.984609663 0.033562630 -0.171514571 0.058551401 -0.041224495 0.998295665 -0.041306149 0.343849510 0.169835925 0.047741033 0.984315276 0.264277935
0.984523237 0.031903874 -0.172325790 0.058477581 -0.039602853 0.998356521 -0.041424345 0.343988895 0.170720980 0.047607824 0.984168589 0.264153898
0.984548330 0.031343933 -0.172284901 0.058345493 -0.039082468 0.998365164 -0.041709349 0.343807966 0.170695916 0.047798190 0.984163761 0.263851315
0.984479606 0.030391771 -0.172847316 0.058100622 -0.038098820 0.998414099 -0.041446604 0.343333751 0.171313554 0.047388609 0.984076202 0.263839334
0.984520078 0.031382542 -0.172439426 0.058122896 -0.039182998 0.998348057 -0.042018987 0.343918979 0.170835927 0.048125226 0.984123528 0.263958156
0.984531105 0.030333634 -0.172563925 0.058009434 -0.038136553 0.998386085 -0.042082619 0.343566239 0.171008915 0.048012633 0.984099030 0.264035821
0.984575093 0.031111820 -0.172173768 0.058122650 -0.038870357 0.998366535 -0.041875090 0.343528569 0.170589700 0.047921631 0.984176159 0.264164925
0.984498858 0.029815240 -0.172837749 0.058258049 -0.037575994 0.998418987 -0.041804671 0.343585163 0.171318069 0.047651201 0.984062731 0.264077187
0.984496236 0.029505262 -0.172906086 0.058094662 -0.037226483 0.998441279 -0.041583605 0.343265265 0.171409637 0.047375586 0.984060109 0.263801724
0.984492064 0.029763730 -0.172885627 0.058094982 -0.037510559 0.998425126 -0.041715357 0.343404621 0.171371773 0.047553480 0.984058142 0.264083207
0.984580815 0.031137550 -0.172136381 0.058131866 -0.038893957 0.998365700 -0.041871369 0.343950748 0.170551300 0.047920816 0.984182835 0.264063030
0.984547079 0.030803759 -0.172389671 0.058340576 -0.038587298 0.998372853 -0.041982561 0.343781620 0.170815974 0.047985855 0.984133780 0.264175624
0.984570980 0.030475821 -0.172311395 0.058089200 -0.038244806 0.998387575 -0.041947536 0.343901485 0.170755163 0.047890343 0.984149039 0.263867110
0.984521329 0.029587273 -0.172749504 0.058029838 -0.037316449 0.998434544 -0.041666590 0.343371540 0.171246260 0.047468036 0.984084129 0.263649613
0.984527469 0.029757304 -0.172685102 0.058094919 -0.037494376 0.998425663 -0.041716278 0.343368381 0.171171889 0.047545537 0.984093308 0.263845414
0.984552205 0.029911302 -0.172517136 0.057993919 -0.037683126 0.998408794 -0.041951172 0.343840182 0.170987815 0.047804099 0.984112799 0.263642013
0.984539926 0.030100932 -0.172554597 0.058171131 -0.037903201 0.998394191 -0.042100362 0.343859047 0.171010241 0.047989853 0.984099865 0.264009744
0.984556794 0.029852517 -0.172501385 0.058152314 -0.037654687 0.998402178 -0.042135075 0.343918741 0.170967907 0.047979858 0.984107673 0.263886601
0.984574378 0.029682156 -0.172430396 0.058070492 -0.037500840 0.998402417 -0.042264178 0.343875706 0.170900449 0.048078511 0.984114587 0.263699859
0.984542310 0.029762646 -0.172599643 0.058260623 -0.037568279 0.998405397 -0.042134281 0.343873501 0.171070397 0.047967255 0.984090507 0.264186800
0.984555840 0.029867098 -0.172504514 0.058247630 -0.037655350 0.998405516 -0.042052887 0.343619078 0.170973480 0.047899127 0.984110713 0.264063060
0.984515548 0.029416585 -0.172811046 0.058222741 -0.037203666 0.998424947 -0.041995775 0.343766391 0.171303451 0.047774695 0.984059274 0.263875157
0.984566033 0.029939612 -0.172433630 0.058201384 -0.037714388 0.998405993 -0.041989557 0.343833178 0.170901626 0.047844715 0.984125853 0.263926566
0.984524310 0.029342394 -0.172773898 0.058213487 -0.037094064 0.998436868 -0.041808873 0.343794554 0.171277046 0.047570739 0.984073758 0.263950348
0.984571993 0.030311059 -0.172334269 0.058376703 -0.038084861 0.998392224 -0.041982155 0.343910187 0.170784667 0.047897782 0.984143555 0.263418704
0.984560847 0.030175814 -0.172422171 0.058227763 -0.037919063 0.998406470 -0.041792110 0.343869865 0.170886323 0.047684964 0.984136164 0.264056593
0.984549940 0.030126471 -0.172493026 0.058259621 -0.037846301 0.998415649 -0.041641284 0.343605131 0.170965225 0.047526143 0.984130144 0.264137685
0.984556317 0.029748872 -0.172522038 0.058181081 -0.037521031 0.998414338 -0.041964870 0.343851388 0.171000078 0.047789983 0.984111309 0.264029205
0.984558582 0.029721932 -0.172513872 0.058236379 -0.037510730 0.998410404 -0.042065132 0.343989223 0.170989424 0.047886711 0.984108448 0.264111608
0.984572768 0.029711893 -0.172434554 0.058027718 -0.037461206 0.998420894 -0.041861121 0.343713135 0.170918480 0.047674924 0.984131157 0.263775378
0.984553754 0.029750468 -0.172536433 0.058180232 -0.037524879 0.998413861 -0.041973598 0.343938738 0.171014011 0.047799669 0.984108448 0.263990581
0.984571695 0.030056732 -0.172380909 0.058120664 -0.037801232 0.998409808 -0.041820616 0.343337506 0.170849815 0.047691602 0.984142244 0.263882607
0.984546423 0.029504813 -0.172620058 0.058236256 -0.037279744 0.998423040 -0.041972827 0.343728423 0.171109423 0.047759432 0.984093845 0.263986528
0.984552324 0.029547391 -0.172579974 0.058150914 -0.037383910 0.998403907 -0.042335041 0.343931168 0.171053618 0.048132766 0.984085381 0.263904959
0.984533608 0.029300842 -0.172727928 0.058201693 -0.037047599 0.998439014 -0.041796967 0.343645453 0.171233609 0.047549680 0.984082401 0.263549596
0.984554887 0.029553806 -0.172563612 0.058227014 -0.037329849 0.998420417 -0.041991215 0.343598604 0.171050042 0.047784429 0.984102905 0.263965726
0.984569490 0.029451057 -0.172497854 0.058178406 -0.037221633 0.998424649 -0.041986775 0.343520433 0.170989543 0.047759548 0.984114647 0.263925612
0.984548926 0.029384250 -0.172626540 0.058187503 -0.037188333 0.998419106 -0.042148434 0.343869597 0.171115115 0.047916893 0.984085143 0.263829231
0.984550714 0.029439855 -0.172606260 0.058163986 -0.037239123 0.998418272 -0.042122021 0.343919754 0.171093181 0.047898982 0.984089851 0.263852924
0.984548628 0.029155105 -0.172666997 0.058194216 -0.036945719 0.998430908 -0.042078048 0.343598098 0.171169296 0.047807187 0.984081089 0.263865680
0.984550536 0.029414089 -0.172611997 0.058200121 -0.037200987 0.998422623 -0.042051271 0.343918532 0.171102837 0.047822934 0.984091878 0.263803244
0.984549046 0.029361462 -0.172630370 0.058141664 -0.037149072 0.998424530 -0.042054441 0.343737990 0.171123624 0.047817718 0.984088540 0.263735473
0.984555900 0.029539568 -0.172560498 0.058189567 -0.037325479 0.998418093 -0.042050045 0.343869120 0.171045378 0.047841523 0.984100938 0.263764828
0.984560668 0.029292937 -0.172574833 0.058189210 -0.037085827 0.998424649 -0.042106163 0.343870699 0.171069548 0.047856163 0.984096050 0.263822287
