1.000000000 0.000000000 0.000000000 0.000000000 0.000000000 1.000000000 0.000000000 0.000000000 0.000000000 0.000000000 1.000000000 0.000000000
0.999942243 0.004603220 0.009713175 0.000555170 -0.004619598 0.999987960 0.001664458 0.033579078 -0.009705398 -0.001709232 0.999951422 0.013621943
0.999916852 0.005734714 0.011548227 0.000310268 -0.005870534 0.999913573 0.011761861 0.055383634 -0.011479777 -0.011828678 0.999864161 0.020103788
0.999916792 0.005545883 0.011644998 -0.000428389 -0.005826366 0.999690294 0.024192067 0.079727598 -0.011507225 -0.024257904 0.999639511 0.027539017
0.999932885 0.002336736 0.011346278 -0.000728730 -0.002726045 0.999403775 0.034418315 0.104339220 -0.011259087 -0.034446936 0.999343038 0.034259897
0.999927759 0.000910837 0.011980954 -0.001573266 -0.001406650 0.999139965 0.041440289 0.130724505 -0.011932907 -0.041454162 0.999069154 0.041265693
0.999929905 -0.003771027 0.011222242 -0.002324772 0.003243966 0.998907626 0.046618890 0.155769810 -0.011385784 -0.046579212 0.998849690 0.049064949
0.999925852 -0.006133799 0.010513030 -0.003203480 0.005598668 0.998723626 0.050196465 0.180433035 -0.010807508 -0.050133873 0.998683989 0.055271573
0.999933183 -0.006792413 0.009343734 -0.003360388 0.006272422 0.998488724 0.054597564 0.203422636 -0.009700462 -0.054535311 0.998464704 0.061424360
0.999945581 -0.005150735 0.009069862 -0.003904546 0.004598807 0.998196423 0.059856355 0.224709392 -0.009361808 -0.059811395 0.998165727 0.066247091
0.999952793 0.000092062 0.009711944 -0.004708540 -0.000750282 0.997699261 0.067792267 0.244578570 -0.009683357 -0.067796364 0.997652173 0.070349671
0.999973178 0.000269071 0.007315850 -0.005436066 -0.000844708 0.996890426 0.078794837 0.262660384 -0.007271900 -0.078798912 0.996863961 0.073247507
0.999961197 0.003563058 0.008055860 -0.006381453 -0.004302501 0.995589316 0.093719549 0.278979838 -0.007686401 -0.093750589 0.995566070 0.075182229
0.999969780 0.003692025 0.006832743 -0.007297364 -0.004427806 0.993809402 0.111010179 0.291335762 -0.006380591 -0.111037090 0.993795693 0.076624624
0.999971032 0.003897052 0.006536074 -0.008149690 -0.004699754 0.991804659 0.127676621 0.298212379 -0.005984947 -0.127703622 0.991794288 0.077409424
0.999985337 0.002484353 0.004804595 -0.009146019 -0.003137961 0.989974380 0.141212866 0.296751291 -0.004405603 -0.141225904 0.989967585 0.076180480
0.999998868 0.000854820 0.001257220 -0.009726086 -0.001028994 0.989312947 0.145804599 0.286676139 -0.001119148 -0.145805731 0.989312589 0.072505228
0.999999523 0.000911131 0.000266096 -0.010397126 -0.000939892 0.989643633 0.143543050 0.268224835 -0.000132555 -0.143543243 0.989643991 0.066967972
0.999865115 -0.009162232 0.013633315 -0.070713386 0.006939304 0.987892747 0.154983133 0.231406942 -0.014888246 -0.154867604 0.987823009 0.136964187
0.998381615 0.039025012 0.041366074 -0.016106583 -0.041199006 0.997740269 0.053075049 0.025817912 -0.039201338 -0.054693397 0.997733355 0.016161958
0.998496592 0.038084209 0.039423905 -0.017688565 -0.039663482 0.998408914 0.040083297 -0.008704775 -0.037834633 -0.041586723 0.998418272 0.008138529
0.998560071 0.035867859 0.039890110 -0.018270412 -0.036954146 0.998956501 0.026836250 -0.039627176 -0.038885929 -0.028271714 0.998843610 0.001053452
0.998722672 0.030075321 0.040601391 -0.018613543 -0.030542202 0.999473751 0.010928116 -0.067655362 -0.040251363 -0.012154211 0.999115646 -0.004107225
0.998804808 0.026148807 0.041294869 -0.018552210 -0.025972612 0.999651194 -0.004797611 -0.094145417 -0.041405912 0.003719344 0.999135435 -0.011161357
0.998901904 0.022103744 0.041307651 -0.017811647 -0.021183306 0.999520302 -0.022588957 -0.115699485 -0.041787133 0.021689119 0.998891056 -0.016368393
0.998884559 0.024239633 0.040522564 -0.016903378 -0.022715559 0.999032497 -0.037657045 -0.131223723 -0.041396152 0.036694549 0.998468697 -0.022543684
0.998842239 0.024322335 0.041502357 -0.016581036 -0.022303322 0.998577237 -0.048436485 -0.138729021 -0.042621396 0.047454774 0.997963548 -0.025844308
0.998517156 0.029458251 0.045777179 -0.016320720 -0.027136639 0.998353541 -0.050534979 -0.140148148 -0.047190480 0.049217813 0.997672498 -0.028300283
0.998225510 0.034965690 0.048199106 -0.014895433 -0.032736927 0.998391926 -0.046279375 -0.129447058 -0.049739782 0.044619363 0.997764945 -0.026625035
0.997893691 0.040563855 0.050622348 -0.012752236 -0.038778454 0.998607457 -0.035766736 -0.113151677 -0.052002683 0.033728350 0.998077214 -0.022845790
0.997917175 0.037703238 0.052342236 -0.011337209 -0.036515918 0.999057651 -0.023457976 -0.090466686 -0.053177353 0.021497792 0.998353601 -0.016090818
0.998113990 0.034743026 0.050607871 -0.009931651 -0.034265287 0.999359787 -0.010277428 -0.064147964 -0.050932549 0.008523950 0.998665690 -0.008367497
0.998314798 0.030002959 0.049671657 -0.008568262 -0.030047564 0.999548435 0.000151415 -0.035184689 -0.049644679 -0.001643671 0.998765588 -0.001249044
0.998284042 0.032927651 0.048421748 -0.006145928 -0.033312961 0.999419212 0.007171745 -0.004207292 -0.048157480 -0.008772512 0.998801172 0.007264156
0.998518825 0.029432954 0.045758627 -0.003526548 -0.029926511 0.999500692 0.010138566 0.028858801 -0.045437369 -0.011492946 0.998901069 0.016701723
0.998769283 0.029637849 0.039766099 -0.001661831 -0.030188100 0.999455631 0.013308644 0.061615206 -0.039350014 -0.014492731 0.999120295 0.024449579
0.998888075 0.028417628 0.037615839 -0.000362236 -0.029120963 0.999408662 0.018283721 0.094146132 -0.037074022 -0.019358801 0.999124944 0.031856488
0.999126315 0.023894683 0.034285054 -0.000084416 -0.024848852 0.999308050 0.027679740 0.127384409 -0.033599928 -0.028507505 0.999028683 0.039301783
0.999025285 0.021429734 0.038590372 0.000610509 -0.023011953 0.998892725 0.041033998 0.159455776 -0.037668299 -0.041882046 0.998412192 0.047122754
0.998941302 0.017738523 0.042445887 0.000851227 -0.020144500 0.998174131 0.056944042 0.189228371 -0.041358288 -0.057738807 0.997474670 0.054254975
0.998789549 0.017569065 0.045943778 0.000764206 -0.020955877 0.997015357 0.074305639 0.214692831 -0.044501163 -0.075178489 0.996176600 0.059797656
0.998813212 0.018309319 0.045134105 0.000353878 -0.022393716 0.995533288 0.091717862 0.236392021 -0.043253206 -0.092619725 0.994761646 0.064396925
0.998979867 0.017236562 0.041738871 -0.000929926 -0.021587936 0.994115174 0.106154747 0.251706898 -0.039663501 -0.106947504 0.993473232 0.066525809
0.998954356 0.020193866 0.041016571 -8.255943298 -0.024694324 0.993360341 0.112362258 5.334950447 -0.038475208 -0.113257632 0.992820442 -12.685031891
0.996294498 0.014076004 0.084848031 -0.003832848 -0.010695883 0.999135971 -0.040161103 -0.168233559 -0.085340045 0.039104752 0.995584130 -0.038610537
0.995895088 0.018643765 0.088574372 -0.001859178 -0.015079542 0.999055982 -0.040740043 -0.164700493 -0.089250304 0.039237142 0.995236039 -0.035274263
0.995741904 0.022245839 0.089460656 -0.001051466 -0.018877441 0.999087095 -0.038323779 -0.153639555 -0.090231523 0.036471799 0.995252669 -0.033248026
0.995832145 0.024173666 0.087943248 0.000108068 -0.021207623 0.999179363 -0.034506336 -0.137814373 -0.088705234 0.032497454 0.995527625 -0.028492516
0.995963216 0.024257110 0.086422399 -0.000018094 -0.021701956 0.999302745 -0.030383833 -0.116391376 -0.087099150 0.028385650 0.995795190 -0.022849958
0.996097624 0.024937721 0.084662624 0.003005801 -0.022806533 0.999400377 -0.026047403 -0.089275450 -0.085261427 0.024014892 0.996069133 -0.012113445
0.996506453 0.023232190 0.080221102 0.004723444 -0.021555362 0.999531865 -0.021705892 -0.059167817 -0.080687836 0.019900862 0.996540725 -0.001896767
0.996784568 0.026531193 0.075608380 0.006615643 -0.025481837 0.999565423 -0.014810156 -0.028208576 -0.075968459 0.012835890 0.997027576 0.005993601
0.996978462 0.027600244 0.072609968 0.008737138 -0.027043799 0.999596834 -0.008635717 0.005110776 -0.072819039 0.006645970 0.997323036 0.015550878
0.996921301 0.030851375 0.072084524 0.010196931 -0.030955210 0.999520719 0.000323517 0.038343482 -0.072039992 -0.002553912 0.997398436 0.022991443
0.996454537 0.033877235 0.077010170 0.012424745 -0.034869399 0.999324858 0.011575248 0.071923606 -0.076566033 -0.014219508 0.996963024 0.032578666
0.997002006 0.029743552 0.071430780 0.013231182 -0.031863112 0.999079525 0.028718855 0.105162680 -0.070510827 -0.030908760 0.997031987 0.040945198
0.997435689 0.021438856 0.068281941 0.013365188 -0.024855824 0.998460233 0.049592096 0.138936818 -0.067113608 -0.051162135 0.996432781 0.048821852
0.997874558 0.012664312 0.063921884 0.013442677 -0.017299108 0.997219682 0.072482891 0.167936534 -0.062826209 -0.073434629 0.995319188 0.055788845
0.998010218 0.006087342 0.062757798 0.014185497 -0.011931021 0.995579243 0.093165301 0.195306256 -0.061913226 -0.093728691 0.993670821 0.061764348
0.998016655 0.004372790 0.062798955 0.014439483 -0.011164437 0.994065464 0.108209670 0.219923377 -0.061953090 -0.108696178 0.992142618 0.066702515
0.997927308 0.009727183 0.063612908 0.015687520 -0.017224550 0.992816925 0.118396290 0.241558418 -0.062004317 -0.119246587 0.990926743 0.070821822
0.998004198 0.015871458 0.061121799 0.015635036 -0.023399856 0.991943896 0.124498226 0.258566380 -0.058653418 -0.125679985 0.990335464 0.073584214
0.998263478 0.019430431 0.055611365 0.014554964 -0.026392914 0.991507590 0.127341971 0.269852310 -0.052664772 -0.128588572 0.990298629 0.074893683
0.998596430 0.021534836 0.048389353 0.012733783 -0.027544266 0.991497815 0.127173796 0.274842650 -0.045239266 -0.128328145 0.990699470 0.074184842
0.998892128 0.020796511 0.042214215 0.011364260 -0.026036425 0.991478503 0.127641514 0.272305220 -0.039199993 -0.128599226 0.990921617 0.072893903
0.999026358 0.021964028 0.038260922 0.010154746 -0.026691748 0.991440773 0.127799585 0.262375891 -0.035126440 -0.128696397 0.991061687 0.070105158
0.999043703 0.023407968 0.036927935 0.009050176 -0.027937897 0.991463304 0.127357244 0.245537966 -0.033631518 -0.128267139 0.991169214 0.066029675
0.999017775 0.024381466 0.036999591 0.007507314 -0.028813962 0.991809845 0.124430582 0.223518506 -0.033662759 -0.125374466 0.991538227 0.061167009
0.999005079 0.024704995 0.037128579 0.006408252 -0.029002061 0.992343903 0.120051816 0.197797105 -0.033878446 -0.121009164 0.992073059 0.055766735
0.998826325 0.027731817 0.039709613 0.005483810 -0.032190572 0.992674947 0.116448157 0.168474182 -0.036189411 -0.117589772 0.992402673 0.050418857
0.998254061 0.034817327 0.047712181 0.005788385 -0.040015846 0.992819488 0.112731583 0.135185435 -0.043444566 -0.114444025 0.992479324 0.044867441
0.997726440 0.039661575 0.054487903 0.005980001 -0.045266002 0.993356287 0.105803572 0.100957520 -0.049929567 -0.108029455 0.992893159 0.038704682
0.997456431 0.041722186 0.057794485 0.006223167 -0.047145352 0.994274497 0.095893562 0.063463002 -0.053462699 -0.098374382 0.993712306 0.032233752
0.997295499 0.040899448 0.061064459 0.005455489 -0.045887783 0.995521069 0.082657278 0.026402730 -0.057410318 -0.085235834 0.994705439 0.025908494
0.997054994 0.039542925 0.065709718 0.004623563 -0.043806668 0.996938348 0.064766660 -0.009250293 -0.062947482 -0.067454435 0.995734692 0.018817257
0.996603251 0.037812442 0.073158294 0.004261752 -0.041095451 0.998190224 0.043902736 -0.044848282 -0.071365841 -0.046760086 0.996353507 0.012611378
0.996125400 0.038144149 0.079242483 0.003191695 -0.040025216 0.998950124 0.022286374 -0.079123430 -0.078309201 -0.025371723 0.996606231 0.004232879
0.995525479 0.037958339 0.086534381 0.002491481 -0.038275994 0.999265313 0.002014050 -0.109112740 -0.086394347 -0.005317229 0.996246815 -0.003304390
0.995208025 0.038516477 0.089874700 0.001923039 -0.037345234 0.999194682 -0.014677974 -0.136732116 -0.090367667 0.011251244 0.995844901 -0.010632589
0.995216489 0.034423515 0.091428213 0.001528296 -0.031968564 0.999091506 -0.028181659 -0.159094259 -0.092315264 0.025124028 0.995412827 -0.016900931
0.995409608 0.031657595 0.090318799 0.000935613 -0.028333420 0.998881578 -0.037852913 -0.175055638 -0.091416121 0.035120115 0.995193303 -0.021435380
0.995398700 0.025505727 0.092362180 -0.001711480 -0.021731757 0.998896360 -0.041638400 -0.188963264 -0.093322270 0.039439626 0.994854450 -0.028954085
0.995133400 0.023098141 0.095790409 -0.001448728 -0.019225186 0.998967528 -0.041159317 -0.191805035 -0.096642233 0.039117426 0.994550169 -0.029397551
0.994867861 0.020211676 0.099142589 -0.000594986 -0.016475467 0.999128103 -0.038360309 -0.186870113 -0.099831469 0.036530018 0.994333625 -0.025704689
0.994807899 0.019595966 0.099865250 -0.001781553 -0.016309222 0.999301493 -0.033622641 -0.178492531 -0.100454360 0.031819351 0.994432807 -0.023912538
0.994355321 0.017993387 0.104564369 -0.000037492 -0.015156021 0.999496758 -0.027866706 -0.163860247 -0.105013147 0.026124628 0.994127631 -0.017129550
0.993703246 0.018822191 0.110451721 0.000835541 -0.016549116 0.999632716 -0.021460686 -0.145102620 -0.110815085 0.019497676 0.993649781 -0.010623837
0.984841049 -0.123906687 -0.121389635 0.369524211 0.132237568 0.989205420 0.063133709 -0.241308615 0.112256579 -0.078228921 0.990595102 -0.004222758
0.996951103 -0.017602921 0.076017447 0.013010565 -0.002335570 0.967052758 0.254565299 0.111937895 -0.077993967 -0.253966659 0.964063227 0.001154579
0.996506274 -0.022484394 0.080435298 0.010311463 -0.000298512 0.962115526 0.272642106 0.109284401 -0.083518222 -0.271713614 0.958747327 -0.002661160
0.996332109 -0.027592424 0.081000395 0.007974932 0.002863403 0.956806540 0.290711075 0.108793780 -0.085523136 -0.289412826 0.953376114 -0.007137986
0.996086717 -0.033763696 0.081678256 0.006422863 0.006745283 0.950499833 0.310651839 0.107551470 -0.088123925 -0.308885217 0.947008014 -0.012155457
0.995829999 -0.038680263 0.082621969 0.005104531 0.009248351 0.943802357 0.330381155 0.107878000 -0.090758048 -0.328239352 0.940224409 -0.017724248
0.995562494 -0.045915872 0.082139514 0.004646617 0.014381828 0.936865747 0.349393368 0.108808152 -0.092996404 -0.346661627 0.933368802 -0.023818890
0.995583117 -0.047258209 0.081122592 0.005341208 0.014170825 0.929815054 0.367754072 0.109623641 -0.092808418 -0.364980161 0.926378012 -0.029687185
0.995636344 -0.046789650 0.080740675 0.006486467 0.012322605 0.923560560 0.383254707 0.110228904 -0.092501245 -0.380587339 0.920106947 -0.035284340
0.995961785 -0.046318553 0.076907352 0.009086211 0.012109295 0.918114424 0.396130353 0.109617785 -0.088957936 -0.393599421 0.914967775 -0.039889526
0.996221960 -0.045630865 0.073888220 0.012526365 0.011956942 0.914797902 0.403734863 0.108041875 -0.086015560 -0.401326090 0.911887407 -0.044039801
0.996175766 -0.046707142 0.073838897 0.016648490 0.012854240 0.914268255 0.404905498 0.105330132 -0.086420536 -0.402407885 0.911372185 -0.046256941
0.996353507 -0.045492329 0.072182871 0.021039682 0.012858569 0.916399002 0.400059551 0.103634045 -0.084347948 -0.397672534 0.913642168 -0.046569068
0.996588886 -0.046992641 0.067839846 0.025046198 0.016589290 0.919336617 0.393122107 0.101523362 -0.080841504 -0.390655726 0.916980267 -0.046438638
0.996892095 -0.047027044 0.063202456 0.030451946 0.019090945 0.922576964 0.385340363 0.099469192 -0.076430559 -0.382936180 0.920607507 -0.045262046
0.997077346 -0.043148816 0.063046910 0.032891192 0.016186876 0.925815821 0.377628118 0.099723913 -0.074664034 -0.375503927 0.923808396 -0.043455664
0.997436225 -0.037882227 0.060711913 0.034884736 0.012559304 0.927892268 0.372637093 0.099428520 -0.070450433 -0.370919228 0.925989091 -0.041240908
0.997772515 -0.034843974 0.056884989 0.036005009 0.011486332 0.929744005 0.368027329 0.098903373 -0.065712020 -0.366554111 0.928073227 -0.039387085
0.998183906 -0.029334443 0.052614871 0.037297465 0.008035537 0.930457056 0.366312683 0.097583026 -0.059701465 -0.365224630 0.929003119 -0.037140310
0.998393059 -0.027082261 0.049777471 0.038405865 0.006881707 0.929850399 0.367873371 0.096505821 -0.056248445 -0.366939634 0.928542614 -0.035008065
0.998541415 -0.021756213 0.049414225 0.039234541 0.001848322 0.928457797 0.371433496 0.096483402 -0.053960007 -0.370800376 0.927143693 -0.032452732
0.998662710 -0.018890062 0.048124377 0.042562705 -0.000606368 0.926512539 0.376263320 0.095631175 -0.051695473 -0.375789344 0.925262034 -0.030599786
0.998731971 -0.018288327 0.046903551 0.046454113 -0.000850065 0.925422668 0.378935456 0.094914258 -0.050335713 -0.378494859 0.924233675 -0.027740832
0.998712003 -0.019365937 0.046894807 0.052517183 0.000051278 0.924671590 0.380765408 0.094288997 -0.050736174 -0.380272627 0.923481703 -0.024680154
0.998624861 -0.022529325 0.047336917 0.060439609 0.002738238 0.924132764 0.382061571 0.093235813 -0.052353185 -0.381406516 0.922923744 -0.021536216
0.998460352 -0.023292018 0.050342463 0.069354907 0.002229971 0.923688889 0.383136719 0.092437439 -0.055424802 -0.382434517 0.922318757 -0.018207418
0.998300970 -0.026804889 0.051736176 0.080651730 0.004847296 0.923030794 0.384695560 0.091287725 -0.058065798 -0.383791178 0.921592474 -0.015014092
0.998136759 -0.031219998 0.052424617 0.093407728 0.008526278 0.922121167 0.386807352 0.090295739 -0.060417973 -0.385639638 0.920669138 -0.011967528
0.997934997 -0.035793040 0.053334340 0.107556611 0.012270642 0.921288013 0.388687432 0.089638494 -0.063048594 -0.387230426 0.919824719 -0.009323406
0.997743666 -0.040233284 0.053747263 0.124085449 0.016111527 0.920643210 0.390072435 0.087734543 -0.065175951 -0.388326347 0.919214249 -0.007585200
0.997415781 -0.044430457 0.056459688 0.141599342 0.018977024 0.920865059 0.389419138 0.086001314 -0.069293827 -0.387341261 0.919328570 -0.005539583
0.997006416 -0.048813440 0.059961375 0.159719571 0.022022078 0.922671318 0.384957999 0.084393300 -0.074115761 -0.382485121 0.920984268 -0.003092558
0.996420920 -0.053925540 0.065095536 0.178364530 0.025299344 0.925032675 0.379044235 0.081487834 -0.080655649 -0.376040697 0.923086107 -0.000820734
0.995675385 -0.060902223 0.070153542 0.197642446 0.030518979 0.927659750 0.372177243 0.079138696 -0.087745041 -0.368426651 0.925506711 0.001482332
0.994906962 -0.064816110 0.077193849 0.216492966 0.032024514 0.929415882 0.367641985 0.076751865 -0.095574312 -0.363297492 0.926758051 0.004120728
0.994074285 -0.070768684 0.082511477 0.235187635 0.035876647 0.930114865 0.365512222 0.076520644 -0.102611974 -0.360386074 0.927142203 0.006157264
0.993251264 -0.074315228 0.089046769 0.252824157 0.036520630 0.929096580 0.368029773 0.076628894 -0.110083252 -0.362293988 0.925540328 0.007739373
0.992239714 -0.077681333 0.097087093 0.270161957 0.035799131 0.926239371 0.375232011 0.077527843 -0.119074404 -0.368844509 0.921832442 0.009394526
0.991017997 -0.080621675 0.106694028 0.286670417 0.033524446 0.922136545 0.385409176 0.079135194 -0.129458815 -0.378370613 0.916556656 0.010472365
0.989757299 -0.086656220 0.113451689 0.301341414 0.035140179 0.918130159 0.394718051 0.080921248 -0.138368189 -0.386688381 0.911770999 0.012056760
0.989444911 -0.089912161 0.113642514 0.314397871 0.037077095 0.915205181 0.401278764 0.082646728 -0.140086070 -0.392829746 0.908878803 0.013279065
0.989236176 -0.090027817 0.115355335 0.325374544 0.035972849 0.913763881 0.404649884 0.084603272 -0.141837314 -0.396144629 0.907166779 0.014276578
0.989459574 -0.089485765 0.113851681 0.334874004 0.035930283 0.913339913 0.405609667 0.086114451 -0.140281588 -0.397243649 0.906928122 0.015078559
0.989593446 -0.089513376 0.112659380 0.341667622 0.036745105 0.914194942 0.403605491 0.088091791 -0.139120728 -0.395265669 0.907970548 0.016192347
0.989782274 -0.091000199 0.109773077 0.346464723 0.039775796 0.915517628 0.400306642 0.089344949 -0.136927173 -0.391850144 0.909782648 0.017137600
0.990154326 -0.090988092 0.106374756 0.348910660 0.041590270 0.916836500 0.397090614 0.090098225 -0.133658782 -0.388756901 0.911593914 0.017217031
0.990197539 -0.092584722 0.104581058 0.349549145 0.044259056 0.918143094 0.393769413 0.091176547 -0.132477418 -0.385280788 0.913240612 0.017301947
0.990037858 -0.094164155 0.104681537 0.347798735 0.045795713 0.918395102 0.393005311 0.091608211 -0.133146033 -0.384296149 0.913558185 0.016473899
0.989784479 -0.093074046 0.108000390 0.344616443 0.043373771 0.918181658 0.393778026 0.091990545 -0.135814503 -0.385070950 0.912838876 0.015684396
0.989646852 -0.091525137 0.110554956 0.338876456 0.040883828 0.918145657 0.394128263 0.090783648 -0.137578204 -0.385527879 0.912381768 0.014237275
